-68774
-16250
31731
34171
69659
-73095
-41468
57556
62918
45898
10261
50095
43605
91506
28687
96876
53752
15630
-37103
-99336
61009
-78839
-70972
-24702
-74297
17874
-96989
79615
28525
78097
-17626
-44891
4128
-34068
-8864
-6510
-1344
95551
34633
67173
-79994
89559
-10768
-76495
46132
41050
-23423
-24607
19917
-63067
69029
84542
87803
51368
-18998
-93515
86348
-3310
-4700
20867
10681
-76228
4536
53542
45345
30667
-69474
11527
32738
96646
57329
28720
4372
37534
-32199
10091
47849
25616
34466
35787
-93348
50868
-41143
-66184
-87185
84723
37158
75763
-73111
88037
63134
12567
23218
-62668
26383
-39989
-68015
64277
83686
19746
76764
23051
87307
43034
-34201
46747
5402
75571
-19358
43693
69571
31569
83061
25538
5368
13525
-46908
-22832
-29474
-97569
-91321
-60720
71872
56571
20121
37072
28324
-5645
-47614
-31814
81573
27289
22331
34025
30326
13830
46233
74036
-91187
-23961
-16991
19971
-74212
14937
80704
87831
35049
-32149
18730
-52015
11614
90834
25605
-83146
70013
-30148
30658
-2973
-74661
-48991
95966
7822
-61633
17806
-96322
-75839
-99944
18287
52211
43285
-78225
59942
-47888
-35031
-68329
62810
-88293
97094
43248
-29605
75237
98616
66568
-6349
-59431
-98655
-17833
74216
52847
50544
28971
80815
88867
-64647
43079
-41561
23989
54123
-65603
56797
81546
32309
-23800
-77867
9518
75257
-58026
-64520
53624
-19783
33091
8013
2342
-61063
36322
-48438
-1433
-96296
-72178
2065
-80750
-86533
-9032
69416
-7358
-93240
-93294
33795
24786
-14080
78990
-20395
18001
-14530
-68183
30434
22311
49846
62163
-55244
-59659
54995
36213
-45740
13667
63405
-11810
20276
56819
-38835
77864
86353
-81779
43485
4636
-91048
-48753
69667
-54554
-88142
69929
42807
-87368
18442
97842
67995
-50579
26835
86370
77899
-94634
-66147
69253
38919
-42663
35489
-63898
-57955
73335
-51240
2228
-28486
11504
39725
8550
-79381
449
-20070
-50927
-9806
-54205
-30940
21612
30443
8983
-24589
22604
-53611
-14597
36140
26367
16544
-68516
38215
37546
-28217
-75211
-43815
-39357
-98714
-75590
19043
69260
-13377
6955
42884
75741
-52172
-92874
-7739
-58907
-7804
47325
80134
50033
41132
-43235
-71245
62734
87698
-26476
45699
96934
48908
91619
-43788
49378
-22747
47542
-29720
75717
45682
-65235
-73404
-30870
-74722
14308
-55102
-72204
79449
-84160
98996
-6611
89361
-51374
69330
65173
-72129
32809
-17805
-27443
54169
-83246
-23707
-17530
-57693
-31618
-32859
-83517
-96364
7909
-32618
8666
-95956
-84977
-74717
-38338
-93977
-18757
-67751
-75393
79785
47109
51121
-8170
-17432
19549
59188
64030
71630
87227
61256
-90036
5956
-17146
59327
-43473
55728
21286
11705
77188
-68690
79952
-1920
31402
78625
-34051
1986
-23486
-6594
-84893
92777
87478
14489
-93797
-26225
82268
-13349
-24095
90611
-67936
-22159
9218
-16407
53513
-94687
42123
-10220
-48241
47026
-85282
89183
-70484
-57501
62259
-67839
-68993
-90218
-67054
36992
-7191
56487
69841
71913
-20770
-92452
11350
51552
-66892
-6685
8867
691
-1124
-37268
10358
73694
-42443
-67178
-51906
42325
-92551
73424
88027
41906
79241
45463
4034
-33161
-61286
-40165
-93876
-95650
-27431
41859
25525
9544
-30843
-17492
-63652
64306
55621
-76553
-52997
44960
-90037
70449
34754
-30474
-10685
65938
36432
97796
94797
-16770
-85253
72456
-97010
64589
-36350
23350
-84718
-41847
78033
33331
-60457
95347
4614
85406
-5647
-39049
47217
-27711
-9905
-47315
-1768
-5862
20394
66988
19946
43863
24272
76528
52195
-18161
-50743
-58505
64630
7620
-59688
27102
-98608
-7088
37160
84116
7040
-90168
67540
-54762
-77926
-21610
-2275
43320
91629
-30528
-63835
87358
93860
-73589
-95190
39831
-43083
82347
52669
-19598
50111
-88298
3094
-233
41290
35422
68832
73478
-58570
33368
-72496
-77578
-62804
92040
2029
-12547
43521
-31465
-18626
-89098
93286
55378
73608
-50252
-57478
-23215
-22592
41863
-25138
-6357
-64872
1872
-50535
95822
65102
-97524
58846
69812
25832
10795
-6767
40869
-55204
89262
35316
-92264
-52913
-17511
41320
-62056
-57025
-92551
-69409
35002
75034
84649
68664
-99478
-1813
-83328
-3532
-20663
-43327
39495
-59571
57154
59912
-34948
-66833
-72143
-14465
27025
-71848
90480
-80830
-72
-31169
61730
-20965
69750
-69186
-8827
24356
30744
-68297
45645
36038
-35244
-5975
79184
19520
53436
-9530
-78361
-81903
-76967
29712
-18205
-30453
97471
73567
-40743
-55871
-14803
13402
32716
47213
-13044
-15408
89752
72241
29287
5662
-17771
-53668
-48493
21374
-42284
80659
-8631
98921
-8223
7400
54629
41
-44196
-59531
15781
94780
48522
72187
92966
-66555
13061
-29843
-13762
-69108
-16105
-30151
16509
-30893
-61895
42899
64331
-29700
-38582
-13029
-62392
47141
-67695
-29769
-23069
50572
20078
65987
5183
4713
-94307
44109
87816
-13711
76715
7389
-11701
-75095
78041
29678
77786
65933
75014
43238
35447
-44973
11263
-7684
69928
-13376
-84264
4795
89906
-54658
-97244
-29994
46517
83944
-33895
-65765
-12441
51768
68916
60356
8690
24765
26593
-11200
-96919
-90171
98513
-42363
66794
-68323
73192
-29577
-14381
-95337
-45154
19835
34988
-27410
63270
65195
-3156
-79294
45690
81517
-50808
41285
-97014
-74941
-59151
-13497
-42485
21494
-45902
58880
76460
-55232
84946
-18881
-77906
48799
9324
86601
36786
78556
54418
46579
-65069
-71674
-92581
-28992
9978
-88341
-51436
44240
92479
34591
-39352
23409
72460
73814
-10540
-9939
-8928
-16686
59018
25748
-33062
28009
-14271
-34438
-90376
68715
28451
-65074
-94293
26007
-4007
-33455
97908
22189
-47904
-3652
-28269
34294
91927
4838
-20291
-42776
52500
-85796
7704
-83078
90287
89284
69202
73319
33421
78797
39531
-21723
26509
61588
-76219
33597
36955
56193
-14778
28249
-16656
73161
-10974
-5608
-52510
-79535
47336
-54296
99052
-32501
38410
36457
356
65292
-72118
59738
-43681
-92431
21584
-36851
-45037
12456
33178
38038
-66843
34658
-44615
-29043
87796
28079
-64163
46508
77862
-14604
-4647
70623
2760
39644
61280
90356
41320
-50441
-60157
59061
44522
84763
-59864
91035
-62258
-65592
72223
50193
-83989
74756
-90950
-26504
-21530
-53080
-63513
-29862
41641
81652
-6507
-66449
19876
-55883
-51092
81660
-85938
96964
-51338
78238
-59657
8505
68093
63263
28383
43149
-92396
-21187
-42083
34893
-4539
42277
-75886
22064
78361
95860
6639
-59363
-14934
-61820
87384
33231
-89443
23427
-98017
-84752
-75187
-7457
53618
84717
83099
-32570
-13815
98379
-92637
-57059
31927
-49845
-76393
10845
73906
13542
-47720
-55261
-36792
-41109
73440
29645
-44239
-2391
-58447
40472
10617
89034
10933
20425
-4792
84822
-45165
-19075
64979
93569
15468
46542
59018
26302
-75945
-44674
93738
-48765
-69630
98194
-79339
-7218
87382
78001
63102
80331
-58564
-69815
-54880
-46636
68061
13662
-50377
12170
-92005
43367
-62021
69919
66271
-29554
-24735
93759
-4258
4412
-97504
24931
36581
20639
-28413
-7154
27971
-63838
-71830
-62254
46708
-41649
-5892
19542
-1067
59525
65948
55461
-87356
83025
75642
46851
-14476
97894
-33191
78789
-79336
20845
22830
-9314
43156
37729
39017
-74229
-27618
-22207
-90241
-78887
54719
-89024
-81585
38317
18603
47948
-71480
1248
69205
50726
19790
60784
25470
41762
-94242
-59865
-16530
-64789
-93032
-72435
2717
-75920
-55914
40186
-33167
-95220
-87892
96327
-81355
97284
57799
36528
-68628
92004
-12205
88019
-59831
-19514
23412
-36560
-15524
87947
22858
80998
-36422
4867
-37497
34764
-18050
9803
-89178
28176
-34669
56156
-51691
14956
-50559
-70190
54238
24862
54809
39
26572
38913
-95715
30798
-42705
852
91427
-91077
38815
22007
-63225
-22754
-36814
36668
-17720
-29927
13170
92744
52133
-93107
-7341
57867
36316
-56390
39034
-67975
47521
-3404
-43167
53764
-80083
45400
-55420
19875
6273
-70887
-72303
9029
5097
-98488
-35955
-48452
-86602
-31141
97070
-55699
37552
-30168
-1896
-77836
-33062
-56057
-90473
-42708
85242
65382
86811
47414
-69673
17282
44100
74853
-90675
-6764
81892
22415
35132
65276
-90914
-50192
70507
70709
26211
-87676
-23634
-76122
-55871
70883
-82828
-26830
-46366
-98086
-24791
61938
69437
-88570
23570
-32016
-81307
83685
90764
43269
-56066
43511
66642
35448
53016
41614
-37613
29831
-86048
41995
-7723
-40154
40708
3017
21640
-77073
-36486
-91758
-96034
8398
1144
45721
-76572
15640
76912
63193
-53216
-55024
-37902
-56854
46584
-47739
32342
98265
-11634
4813
-26881
69381
71855
-55720
22712
-75774
-95035
-9736
-80519
96039
97363
-65845
48607
35480
-36245
24350
81780
-60945
80017
-15487
-53940
29755
44209
-69757
-63645
-99605
-506
-76515
82970
30552
64958
9741
75855
48571
-11236
34299
-6687
-78185
94663
78691
54995
-94492
70468
-33864
-37612
-69702
-1109
-35839
-20377
55886
77068
51060
78297
48486
-52909
-19555
95696
39264
-97252
-92516
-10203
93002
-53989
87285
20110
54640
-74550
-36390
74191
23591
96737
-58283
59200
31756
73575
25335
-70343
-82301
-66663
-98958
60693
38269
-18452
-61299
6879
-33926
-94682
16473
59519
-22540
-60531
-87
66074
63932
-98687
16412
53947
-68153
-74774
-40383
-14866
16350
-82107
979
-28249
15023
16393
90818
-22039
-34225
16902
93889
63068
7594
23076
-22290
-17910
-55920
-73351
60539
43633
-91970
-46372
-44078
83252
-22808
86796
99215
5741
-41058
81491
74244
-14691
-56517
-73391
-39747
967
-66328
57693
-12120
68962
40639
3443
-45562
61590
43937
-20602
42325
41092
-900
81824
-30885
-8870
18529
-36413
-53961
33344
-20827
-90184
92658
62841
-48780
-21279
-55480
12855
75673
52165
-67223
16609
-1656
66819
30258
78498
-84488
60389
-19489
93435
-90521
56401
34699
-11543
47264
-21896
8533
-40801
81184
65003
40213
33921
-25140
74281
61027
32651
-8205
-8060
96932
2113
37823
-42184
-96462
10435
37804
12528
1557
63266
-4526
-36036
46594
53250
-933
-6617
94797
-92362
-71954
-38102
-43559
-54172
28589
61945
3179
23963
-58766
14149
34492
-50321
-1960
-91855
42959
-77829
-73393
-69350
-43024
4213
-67724
19895
57676
-9034
66703
35247
64168
-74188
9147
-38395
-15801
-18577
-99099
-74648
-82615
99691
-10412
72720
-60500
20829
64453
8494
-73906
68727
-72350
-50015
45346
27326
-10640
55830
-52521
-67334
-77300
-9186
-37952
-60837
16224
22227
-73903
44375
11040
97548
-65675
-76102
-94602
79765
21574
10898
-83560
15813
30514
-83920
17655
24668
-7844
95869
-74168
-87667
6863
-52446
12236
67849
-81994
-32960
86875
42875
37357
-34970
11309
-71433
-8230
-55728
-97126
-62869
57943
58959
-19383
-32334
13941
-73174
82153
-40643
-4346
97242
-80128
7607
66132
-78302
51484
61956
-30739
-16334
11915
61203
51621
-18533
-38675
94416
58555
37298
-52479
38299
9854
-33663
-91074
45625
59802
-34007
38239
20610
-23943
8372
93582
-31686
-45492
85526
90795
54813
15807
-57276
-6200
35583
-19007
-30407
-18397
-71080
58966
-35305
-99493
-48073
57514
55959
-11491
82759
-16580
90842
67206
-67814
73279
-11805
6431
69595
11229
60502
21049
59574
-1346
77112
-72081
-2318
12875
98094
78210
18722
53184
-14951
49264
-1065
-6084
-96213
99393
-6619
1278
92803
-8063
-34179
25777
-97374
-5584
8358
22153
-88461
58122
-93935
85866
-22940
41656
42788
-85670
-69551
-13268
13182
-31417
645
-21349
86028
-32534
-99416
-45936
-42779
-84883
-79578
-40001
-53720
-86965
85790
-3762
62219
41479
19572
-72966
77168
60570
40655
35309
65890
61850
-85750
-24218
-66724
-71664
9672
-39869
-69448
82124
-82486
-72502
-81172
54478
92691
88924
1750
-90355
-64106
15555
47285
92874
-93715
98292
-24745
7204
-2743
45947
77318
15654
-50149
-86614
8698
-18308
-60792
-29881
67660
40556
-56750
59012
4122
87661
-87201
-82041
18853
50506
8157
25302
15629
66613
66713
-61484
-99781
-24653
-75221
-66242
12656
-49749
-29290
94082
21109
37327
62902
-60484
-46115
-15755
-58260
80807
-22640
-91864
-72985
-49322
22241
1222
-79800
-5783
2475
-80420
-97370
-3782
51258
75642
-75696
-27531
44823
-42630
-49033
-10824
-32858
-75665
-20404
41311
47393
-70844
42479
-80823
80800
-40977
21630
46337
-8847
-63908
-55225
-60766
-49096
44780
-33930
79076
-68625
2326
-34103
54136
69533
23442
-4803
-49915
-50805
99245
-53344
-5726
24178
-83070
67696
56039
-64533
63370
-24769
40075
-87099
45594
-9522
-40669
88427
-27635
24189
66498
-91079
-19941
-60194
-29682
19087
2917
87095
-72908
-45520
-19540
-67614
-32255
77698
8626
-81168
25507
-17108
-25565
-21713
-65673
84042
-87586
-82190
-23693
98275
14035
-76387
-47184
71485
-46898
41616
-97030
-92123
-17381
-47031
-92732
64128
-16535
-75417
-33673
30786
36534
7983
79047
-12353
41718
95533
61363
-42622
-88798
-6178
77236
50944
87989
29054
79616
28082
80869
12446
-83671
63933
70692
-10281
-4821
-47086
41985
-33414
45447
66195
37570
-9717
5520
40849
-78795
66847
69784
98695
-94550
13609
22085
78830
-86288
68537
56866
-89641
23840
-61803
72888
24015
5758
-68467
87109
69200
-6695
-68104
-30738
-69110
-36312
10801
-40872
69173
-45578
-27055
-44064
20628
79560
-97653
-68213
-89935
93987
38286
24419
-7957
-54736
3221
68467
-65327
-47854
83808
57850
-20950
-52982
-19326
96853
12931
-24988
10786
14324
45804
13382
-47328
-76559
3950
-1459
-3528
-43605
59365
42503
93581
56440
50169
84743
28370
-31373
-16815
87220
-37407
91769
94083
-13311
44156
-76704
-49004
93903
-29749
-51077
-79233
20580
-53913
-42168
89213
-40888
-19057
63118
6496
22292
19187
-88750
-28137
88906
-23934
81944
-75941
65360
-87873
-27680
21736
-11884
82285
-82356
99445
1603
37708
33979
13112
95229
-17576
9818
-76012
-68631
83239
79795
-26562
-68759
84995
-85541
36728
-66051
-35213
-14636
51288
-16748
-40790
-30464
60996
76526
-29170
-96455
78136
-25734
-55380
48306
-28228
26108
-27009
20535
35734
96772
88203
94426
-80506
44053
-66221
-30298
-30167
4239
-97929
-52981
2452
-75663
62038
-2941
5872
97969
46432
80934
-98004
93628
46575
-99882
-81778
-85655
-95830
87729
-88746
64179
-17822
66387
-65642
-95111
-94486
28330
-86538
-95364
55544
-71629
16309
-86664
-47899
97167
55809
-59144
29171
-47357
-42629
-89832
-2124
18745
-91381
-47722
-90513
-18269
37692
32000
25160
17671
81894
38691
82037
-74736
10233
86282
4804
-79654
-72443
-19882
5043
-37533
-6815
-78079
-78980
-98685
-51303
-92545
-35689
34141
-37012
-89794
-86950
-19939
-98530
65116
-45955
-99097
-98173
-18906
-56311
2248
-48399
97972
16158
-77339
12949
29117
-74158
-11604
-7863
-53264
55078
-35824
-88234
-78580
-63746
9753
15447
-88925
34004
84662
-75472
-60743
57885
17769
24392
-94662
-11085
30778
58217
89332
-54577
53242
86295
62266
-55553
-46581
55882
33258
-82295
92607
-50121
-48451
28786
-83901
-66209
27579
79378
-73588
34270
9969
-67756
-3582
46289
-68557
-64521
53076
55812
57039
-72161
-23455
28176
-93931
74376
5541
23417
-10659
-17680
-31899
42840
-17668
-85182
10905
3616
-39757
-13552
-74730
3459
30637
8764
35845
-61578
-17015
52508
21592
-48634
-33206
43870
90019
-76119
-63789
-30210
-68895
19325
79214
78611
85137
-57785
-1419
-30381
-41232
96435
6615
3695
-60298
35508
-55450
50092
-93485
72798
60364
-54432
-96112
38274
91559
87444
-64840
84595
88990
-18703
-59541
65501
-59431
-92920
95839
-22908
-64340
5769
-57235
36724
-41366
22441
81463
-93383
78966
55691
66125
83296
-4365
-88419
166
-84215
69676
-68521
42195
36555
54128
75800
45448
17894
-97121
-21716
-67982
-17999
-68418
21257
40500
-85700
-72411
-38835
-39438
96530
63895
-62460
-10106
-53332
689
55059
-4455
95161
14579
91208
-48989
69154
23367
37880
-63244
22624
3787
82191
-91390
68548
34049
-64995
-74964
80433
54177
5594
64807
-71375
-54164
-75408
-50091
38571
-9438
5261
-84042
19545
-89027
-94788
-56365
-66417
-44093
42526
6062
99721
80795
52036
2918
57657
-12342
-46366
-31804
-41947
-66848
28638
-22505
3659
-16506
-15966
-91086
-82770
-47213
95602
-5126
-68759
-86302
91506
84355
-86159
14258
-49228
88553
27012
-81377
89955
88126
24397
-80969
68999
-67513
-55685
99870
-29202
-40643
-38278
65120
-4079
-80941
9507
-11193
45199
-3751
-90733
55848
45799
71808
6539
42964
-95824
-72383
-14861
-33492
-42926
-71607
1426
-80014
-89046
-49027
64485
-93437
-62073
-53613
-8038
-99541
-58977
-71490
-7074
-58489
-99513
-3563
88208
-69113
-77943
-28585
39403
-64035
57592
70845
-34300
-69380
33749
-44622
-24270
-69593
48740
-95386
38595
-65068
-43863
33458
5564
93301
66872
-82749
-40468
-1710
-65377
91914
-70159
88720
-65726
-51562
-54132
-43352
83987
36873
74249
81414
-1037
-46325
28167
39545
21645
27277
3719
-87917
-24211
86951
-96872
-5737
-20066
-55074
-24977
1569
36212
80333
-14797
-24798
78085
-60065
-32902
-63212
98263
17244
12841
-29497
-81535
66482
84883
-58944
60996
64643
28509
-18624
-33124
91877
65849
16545
5884
5143
-89645
-27672
96186
22429
-76879
-41303
60741
-40348
2568
89872
-86517
73468
-5232
-10732
-94452
-25382
50605
3306
-4448
18848
-97184
49640
8287
-87396
-11457
11972
-30545
82437
-42320
-40159
-46699
33390
22056
76446
57706
-56304
1895
42550
26917
21799
-71356
-97338
63539
98382
57363
5192
-26252
-33253
-24941
4731
56722
-20006
-88249
-36022
20474
-53196
-93023
-17850
9347
41398
-35995
-66584
10330
1970
77712
-98919
25150
-11126
1894
32073
55369
92
-7222
-79085
7228
90508
-20821
43192
-84764
30957
47387
37362
-54140
-88340
73386
-34753
50115
12918
-55194
-52633
-91116
52232
64107
39653
15741
7432
50379
-12908
-34916
90319
88220
61618
30492
-76817
-70536
-98243
-93197
49089
35692
56898
31014
6851
75396
-94129
-92280
-53846
98472
33544
-66506
-56189
-96734
29299
-95573
-77069
64747
11238
61647
-62047
61942
36668
-31544
-18084
-51164
30616
35390
-62400
-86582
84014
-558
92489
-59822
-27512
-30158
-43037
-83564
22422
15089
-28385
11413
905
-28855
-44942
-56588
64639
-45553
-70374
13216
83228
24399
15200
17356
56280
-58507
-77802
-24890
-75959
83179
-2391
-43418
99134
-24006
-21499
15886
68384
58381
72412
3317
15137
-65060
68167
-8006
-54841
-83457
39403
55088
50856
-90724
-44946
-43258
-55880
-80918
-66645
91185
13273
84943
3841
33723
9236
54725
-58809
-56386
22028
-76499
-42321
37954
-50577
-68877
-54941
48214
-28405
94877
28146
-76197
-2636
74273
-92793
75647
-66697
67325
96391
62500
-1954
-60828
61430
-52545
-85314
28693
-22902
-55149
-11854
998
-15804
29988
49168
31318
-50351
23089
-74437
27801
82825
5958
-43073
-22216
-14476
-60561
12692
-90938
85571
11987
88571
-32181
-17540
-98998
-81462
-79646
-23240
-1748
60406
98020
-24770
7689
-91430
50131
12758
-5416
66182
39763
-25468
-13728
93814
99863
-87944
-92671
20156
65533
-29636
86718
36700
-15209
-69790
-25475
42428
-69334
-99803
-70773
-45724
-37584
-83228
-2253
12321
-88858
-32409
78941
-92372
45286
86577
-48043
21704
34095
91087
-81214
59672
-13069
68541
84149
62940
10345
-83099
-95964
-81551
-83677
-69929
50872
85629
-11562
86699
-25104
-31058
-19104
-688
-83070
-3908
-73272
-6990
27942
-8639
94615
75438
-35164
62070
65705
66472
-64891
98552
-81891
-86978
75262
-54973
-7963
-23786
49828
95546
-89772
64522
59988
-56944
70848
-82629
44201
68092
32131
63574
93372
-84506
-25698
53558
58273
-13185
-34566
-80157
-21664
-53097
-42055
27315
64152
-39637
-43510
68458
254
69280
48443
98562
16566
48427
-16410
-74809
9464
37506
-14418
-24363
-62997
-29577
20979
-20444
-30396
88426
33249
-96969
-12622
52625
-29986
58963
31451
-88153
92072
-773
-3192
-4217
36821
-7259
14646
96397
-63897
97951
-14020
-52483
39782
-28626
-15290
14023
-80113
36522
10498
84852
-43808
-31397
-92407
69082
-9769
4580
-78666
-43255
-2686
29713
-5190
-93982
7528
53527
83705
-24862
-58671
8632
70012
1129
69122
62882
41756
72471
-68382
69488
-19514
72119
-45197
-35474
-80476
22219
60444
-78620
-28322
-41869
81751
-92587
28937
-28221
20642
18259
16264
1156
-49016
76579
45585
36107
68702
5952
71185
48640
-81044
40929
-97096
-19177
94283
82484
-28790
-80327
36220
12991
-82296
-39570
70724
70725
-33715
-87972
11683
61103
66353
-17682
10946
-40311
-72552
-29092
-50609
52924
79792
-5308
-27692
91401
5685
99164
-70983
33997
-84140
91220
17039
-8274
215
14888
39321
-70380
30013
-61884
80851
-26773
82797
1678
4746
-22388
-79633
-55297
-61561
-96665
-51377
31084
-29651
43631
-11667
-66363
75397
-12930
44972
-94205
-58807
76844
-3739
63912
22121
61222
77390
16391
40146
-83332
27485
-704
35494
34497
29405
34129
-33505
49830
50706
53868
5540
74762
-68527
28439
55687
20165
41822
69763
-9563
-17034
28520
-11168
7828
12435
-96990
96096
-2459
-5776
99833
-23579
68073
38734
-49941
90410
74212
83725
77853
84777
93736
83528
67865
7727
28008
-84576
41740
43184
89669
29481
31656
-11162
-50732
-81748
2702
-50909
-31495
-20290
35963
19372
-82300
28219
18684
-31743
36513
-47763
6737
66036
-27006
-88971
-47611
-63589
-96573
-81255
48580
-77411
16120
-55212
-63873
61761
-85678
-46393
-14368
19618
-10673
-91791
-18000
39203
-88875
24581
28881
22404
32823
-11453
81904
-20826
-7557
24523
53826
-77089
-92309
-70870
966
52676
50984
-53049
60247
-43948
93903
92790
39156
-49928
-63148
16898
-76682
26353
-26461
-17596
-67507
91630
-27929
-44531
-16240
-68709
-68911
-14982
50746
-45414
30790
66429
34841
18754
-50433
5948
6060
25975
82674
-19765
26610
-80170
-19560
22539
-48777
-63768
-41279
-76097
-56663
98148
-29118
-2919
-64375
44300
27920
25486
-69869
-40659
-54490
90930
17354
-29066
-33984
-96421
-22465
-41594
-89625
49779
9010
-26925
-54657
36295
-58104
-18963
-46163
-67997
-21407
-44510
-48395
-11714
51111
-75573
34170
-45801
33570
-73459
67100
-23988
82393
61625
-12461
24406
-25958
97538
-23407
-80794
-14470
40713
206
3465
-55615
70516
23568
-80441
-64286
-4723
81678
-60764
-93767
88927
85982
-21860
66489
-62584
3663
-3306
-81818
-79517
77785
78601
87083
1648
-52836
3174
63611
-11042
41863
-38317
-6014
95768
60474
-84449
-53551
23837
-80469
-87290
86627
-5401
-61674
41327
4305
-7216
94278
52136
-20098
12593
-94845
-15202
-9355
-75537
65221
33947
-41674
-86630
-95376
64598
-90528
18781
-82102
-18180
905
-14359
-4360
-13981
17831
-53186
84027
-55554
-46122
-29902
36730
40581
36990
-39471
-87373
97932
-55428
-60884
4850
88147
-10084
-32910
60750
-91265
36167
54242
36876
-55135
-42361
-38168
31755
-29876
-45230
-99881
-10744
55247
88173
-99219
81825
11334
-70024
61761
-66663
-62552
15653
-3095
-14792
-38820
-13632
-18382
46632
-37516
-30930
-25713
30594
-29529
-19229
73349
-8261
-79092
57568
48009
-16234
91239
-5470
62728
66412
-50135
92888
59574
-56527
56411
41579
-77260
21621
-88102
98815
94305
-49210
86447
6654
-76090
65741
-50029
80992
45681
16175
-44521
-97087
71614
-35433
17353
-4495
-62471
8293
33829
-98120
-17187
29519
36782
99717
6706
-86277
-14023
92422
98074
-70233
78896
69256
45367
-42928
96350
73404
24083
6426
-70107
-61891
-10453
-37492
52365
46145
86290
-51595
-10113
24022
-14538
81169
-37990
19049
-90640
90671
93530
23404
-49618
-93029
31259
-97891
49188
-87430
40971
685
-58941
17011
22446
-40691
-65479
10374
-28228
-27193
-14237
-58338
29389
-22713
-40627
10416
66493
44573
-97058
-30079
-46062
-68691
-87982
-23989
81825
81426
-73123
28396
-58954
6246
-76642
-27763
79751
78203
-64294
-55936
-12026
-73141
-15780
-60640
-80132
3838
69398
-11274
26938
4572
17210
94191
-5964
73278
-59594
6666
-94479
-4698
47349
77442
86470
-76979
37590
33249
94143
-8933
41422
51050
-49050
36132
-42525
-58675
54079
56278
92673
-92335
17146
24690
-90258
58029
-74922
-41335
-77470
17513
-10176
30778
-92497
1917
-87661
-68741
3486
56128
-825
26598
884
-20207
-29703
17711
55884
18768
34016
-36921
30874
13000
32188
52265
74524
-68826
22216
92980
19077
85505
13243
84400
-83624
-50410
-24210
-67134
-49883
1975
-17707
85059
51243
9675
84255
-692
-88662
-52655
14254
76288
43666
-35132
15016
-12399
-30089
95386
20322
-27153
-73483
-13667
-26042
29114
24814
74477
-50812
-42885
65889
-50775
20213
-25771
74918
98593
-38884
10640
75366
2017
79793
-50425
-96385
-19994
-32643
3402
-75144
46478
-75869
-68406
32686
-38406
-44666
-74181
24884
40403
-51811
-86296
-16397
-18563
-98021
74880
94947
67871
-18765
51009
-70643
-2353
-43143
-52690
-72938
8814
74873
32102
26163
-94377
22434
31602
85457
98193
-24671
-31276
82062
73603
-47427
69242
93551
-77941
19094
-39476
10047
98256
25824
-7933
-76459
-50951
30158
79645
-58321
-1978
-8298
64868
-15416
90295
78170
12460
-14668
-70805
15267
-18731
97281
30659
-66252
90957
8867
-89419
-86432
-77685
-63436
-84497
72136
-53951
1951
2142
-51335
16066
56480
21168
-45412
9701
17109
72106
11894
2796
11899
60139
26169
-80985
-975
55587
72135
26725
-48409
-81542
12529
-28622
43150
48789
-73948
48679
34243
76545
-26875
-91816
62077
56523
-44719
95400
23412
48383
81022
22717
-24124
60142
-1616
-57851
-64310
-20332
-6116
92516
68242
63648
-97251
-88211
-33499
16982
-70108
44481
-18538
69026
94524
43726
-92105
30292
44244
-57915
7823
58717
-9440
-6015
-90615
-20395
-43414
56632
29880
-33928
-22080
-96199
-60960
-8264
-56196
-73882
49187
11081
-87735
25309
14352
-35819
40228
10869
-17688
-43512
-8723
-70953
81394
55803
-87832
-24155
23507
-87547
38446
17833
7238
-77373
89964
-38406
26035
-11629
-88385
-33752
56717
75218
50730
27912
81719
54912
-72178
4084
-55848
73126
-64724
2089
83724
-52727
-24667
48603
-52164
-69906
73480
17109
69136
-92884
18483
44753
32449
90956
29772
-22026
-11370
94150
-30898
50207
76613
-65548
43361
73265
95143
64523
-31291
82151
-15488
-66541
-65134
-56857
69328
-10194
-93352
64861
-32633
-39170
96884
-14180
-77882
51200
14922
10802
-88536
-28943
-48530
-24827
-45558
45189
-76688
16125
-59090
-78032
6278
42735
-49564
57168
63371
-11182
989
34928
-73656
96979
85232
14152
-53528
-79661
-95831
-31414
32769
-70433
-85331
-38178
-14766
-51334
-25423
25430
34533
18035
-3971
-47017
-90233
-91343
-7719
-88496
-52231
83925
60143
28715
64518
91558
18970
-2503
18355
-19460
32817
39609
26960
42244
-78381
-90514
81460
-80646
-96645
32310
-73803
-88417
-64747
-47681
-65002
-91715
60360
89780
-46186
-84317
12838
-1776
-29820
30893
30896
-78628
-66859
-38103
30236
12338
-58107
39868
86047
28196
69494
-54872
-90450
80625
-29895
-7868
-34865
-47175
-82317
5139
-69878
38726
45042
-74946
-31118
-18157
-48026
-50490
16258
4415
-95836
-91632
-76129
-57706
-78354
-52016
64266
-86903
82218
-583
536
12255
-69841
-61357
-97318
69739
-14559
-12116
47996
65908
-38642
85063
-60185
43439
-65446
-13298
-94431
29315
76252
95902
-87460
-76534
-34120
7269
-4584
16902
9314
-83231
-66432
11530
-6829
83297
-64766
-34377
50284
-76563
-46944
74422
70831
44806
-73835
-68014
-28937
88311
84603
365
72702
99037
-54634
-88444
-45706
-55874
-11524
68724
32841
97327
41563
-35981
69061
-64197
24508
-74349
-1695
95450
-50684
-46597
51788
-63599
40771
-13878
-71482
-90220
-87647
-55539
49161
-22879
95814
59822
-51404
-25489
-21050
-58061
-67917
-27165
-35274
-68348
-39881
-16824
23872
91313
23740
-59905
-72788
-96306
44020
-36085
87486
-12872
18079
94314
97609
47633
98463
50852
55110
4223
-68117
60290
83732
-15003
-49219
-86174
56880
-10924
-5261
-62416
-69029
71528
-73311
-78411
-70449
7664
33622
27491
81670
-63285
44615
66139
-14246
-30936
-90798
-71970
85051
-15952
7324
20863
-51914
-72262
10946
-71048
-80802
-51550
77786
-73570
90277
-69734
3300
44283
-30393
-25618
-8154
-8708
44844
64009
82342
-33083
66120
-82102
63512
-13400
28055
-85901
36663
-50422
-28071
-92401
62054
40404
-42419
95934
55128
-20866
-42227
67168
54651
-19150
63404
-83178
65773
-73226
55074
-99121
28212
-93550
-82334
-31065
25512
43048
-31320
54124
51765
71795
-66586
-91097
-23310
-91939
-25556
89156
88283
54857
-83555
37292
-93995
-9759
77138
-38984
-11325
96000
-91598
-83008
48460
-72751
53401
1920
-17310
-62335
-84605
-89006
-35201
68344
-22796
4789
38224
-28176
-59421
-99418
-47106
-18442
-91443
96613
20626
117
-25081
-73951
-4633
-66749
-21577
52060
24245
19024
-93901
-12094
-39541
-39431
468
-13626
-899
-61760
78246
99266
85679
-83900
-84331
-70662
-74852
-94861
45028
15930
-15200
-40877
-88652
30722
-96871
98293
80807
-96831
88020
69165
-70227
-9684
80740
-43483
30318
58562
-74370
-96577
-74756
18603
-65158
25603
-67532
96948
22751
-55788
-65504
-20679
92667
-16438
52619
50866
-25695
47805
99291
-85259
-27191
-1936
-62900
49008
87188
-35726
71156
-76910
-50535
-75956
-48618
50625
-92022
-98687
80923
68978
88751
-59345
12010
-29799
92402
-29715
-90168
65460
47209
-69642
36969
11050
57795
-13510
65824
-45894
3301
-90451
-269
2986
-69216
-43937
-53787
-30277
58045
89822
-476
65198
-6469
82498
9187
74451
76144
83916
27676
50383
52774
-5756
64005
-74048
20361
48237
-28032
10926
-22736
-36247
-66550
-70915
89546
-89433
30765
22676
-66369
84110
-16256
26983
-15139
-4219
78876
-87939
57018
-84698
-91557
98556
44095
-35067
-90252
-43682
-24071
-3295
-28399
50760
-42568
-13550
-60444
61988
17235
-9974
-88812
28681
22728
16693
-48670
55221
-28989
-27901
-95507
-5612
-67780
-21924
92922
-43630
34423
-73015
-10910
51518
5928
-28726
83729
93692
-80287
-90776
-50693
91348
-28588
90848
-90668
23422
-12178
-73731
-56583
-60007
45319
69845
-92895
38490
88795
-10838
13047
64847
94467
63068
-83973
-37972
-673
-37701
-24692
-3731
-23788
12937
-60567
75972
8010
31370
-11687
91311
72263
87633
20125
-66471
-71312
-45287
-86256
-2057
-72129
12261
69651
99089
-70343
6702
20753
-814
-11089
-98276
-11507
85566
-62098
6928
-13493
-76645
95584
15309
-85678
-41598
-37098
70347
66043
11744
50551
73953
57348
71387
2823
-6473
-49306
35966
4032
-18388
44533
-64647
-49880
24433
11246
36268
-13324
42676
93958
-43608
-25176
-65075
30231
-11826
-4868
2446
-88992
79913
-45597
-33551
54052
8992
84225
-90317
-58267
-44525
28872
-60250
91396
83315
59341
662
78088
-80276
-38228
-72901
26615
40723
-17887
66118
27368
-79934
-87963
-31125
-55905
-32469
63273
-69014
43350
34613
-29750
28174
38694
-2529
-11576
69132
-55214
96484
76781
94412
-64100
39170
-12781
-50740
58549
-12779
52990
34505
61905
-48599
88367
-52801
-63154
-1120
63406
96788
-43733
-72842
-86252
61163
-10719
-73648
73525
-81746
16323
52642
-97032
88415
-63620
19242
27337
-8445
-63001
-78226
7806
-57711
-76446
-29180
-31141
89838
10127
-74395
-38571
-26354
-42697
82737
83172
79269
61118
91907
52301
50666
76786
63324
-16764
85218
49555
153
-11170
-32868
68014
9901
-60195
-91669
-5647
-14936
-26355
44373
54936
-15232
98458
31648
9467
-30028
67313
-62262
-65239
-42402
66293
92443
46081
1773
-73820
8130
76498
-51932
-13161
37246
50071
-392
89915
21
-21397
90992
55250
88093
-17458
-97063
19559
-79951
-46307
-5395
-36858
90982
-19073
47473
-34949
1759
43344
6085
-38665
5045
95140
93905
19424
85406
42629
-87309
-86712
11300
-18479
-69088
21816
-37234
68649
-7746
48409
12800
-18445
34033
-5884
-61219
2323
85806
38438
-68100
77491
33088
44398
91252
-78125
-63988
-91983
12252
73416
-29759
-80344
61656
25358
-77194
-72578
-93305
-96652
-14028
81395
-61182
-28910
49212
-92886
-88717
22792
-14566
-67964
-31453
91077
-59284
57465
-36142
-92544
71342
48345
-52955
-25289
-76793
-96972
47376
-96758
-18791
-87203
-14840
28139
98023
-25831
-22608
-25492
75217
39263
1323
-94923
27320
-79287
53153
1308
-29316
4224
18801
33591
-40711
-71641
36891
-27392
-5639
-35204
92635
81328
89685
81374
-74704
-28927
-15687
-40410
-98071
-59979
-10771
-20501
-21495
-78712
64739
-51031
-77735
-74431
23113
66869
97985
-26124
-96847
-3169
-16436
-28232
-11962
39322
52061
-59261
-97820
-26144
-56350
78897
-89698
-29054
10325
39788
27870
55983
64913
-96168
-80266
95611
-68100
-65177
-17432
-71710
80140
-11034
25245
39802
63030
21448
67845
78371
50855
77425
-32352
31738
-1491
97062
-31915
-86849
-53697
4826
24352
-70515
45858
96619
87490
9087
45303
-32069
-76797
67660
11580
35849
-2066
58908
12561
53144
94151
86308
-93072
-40299
-88321
22205
-26322
34822
63737
61583
-77621
57308
28161
53572
-10495
-75856
-89344
-94354
91151
-6490
-26454
7918
-14531
57595
45354
5901
-12338
43134
-19664
76535
82117
2472
-78459
47899
-9459
31016
-47932
-34433
36994
-72294
-48162
-62906
21045
36888
-14259
-47742
44353
-70001
-56323
61031
6364
-36870
-29162
19562
6483
70550
63171
40952
1022
-94687
-28851
-84247
88325
71700
-69657
-32304
34156
7731
94596
-77657
80116
-52406
-28334
99754
97954
-83275
-4553
98894
21910
-29097
-36187
36908
85799
76919
55227
-91702
-44268
-52695
29681
-85598
7419
62083
31264
-40270
-30340
-70184
61693
-90626
-38201
93563
-54476
30806
-78220
53246
-61642
24500
-57007
-31549
-38778
72916
-55294
60867
36168
80499
63776
2927
67631
64566
39053
9904
22909
-90722
-38324
71656
1569
-30681
-65788
89730
25546
-90291
-3964
28318
-17370
-14985
-27964
-94818
39787
-77057
60297
81356
-11355
-99281
30001
-40090
62371
99930
-54280
49100
-62231
-39531
51353
-67596
-69637
-46703
-81460
31048
-89600
98866
58577
-87353
89204
-6720
27025
-30960
68635
27152
-72791
50812
10508
73931
9366
44021
-48010
-68956
-29948
55075
66761
84311
44169
-9408
-98998
60104
-44944
-33277
77130
-54140
-43446
-93310
-25320
-95083
-15481
-20697
-82750
38943
18291
76446
84574
-40656
-5854
63609
-55733
41202
88515
-22801
10468
-45056
-78928
-55628
-81238
-61534
18132
76236
26378
53614
-53789
11595
-54071
26503
-87698
-75686
-77664
28696
24447
82179
75706
97676
-27663
