-99944
-99882
-99881
-99803
-99781
-99605
-99541
-99513
-99493
-99478
-99418
-99416
-99336
-99281
-99219
-99121
-99099
-99097
-98998
-98998
-98958
-98919
-98714
-98687
-98687
-98685
-98655
-98608
-98530
-98488
-98276
-98243
-98173
-98120
-98086
-98071
-98021
-98017
-98004
-97929
-97891
-97820
-97653
-97569
-97524
-97504
-97374
-97370
-97338
-97318
-97252
-97251
-97244
-97184
-97126
-97121
-97096
-97087
-97063
-97058
-97032
-97030
-97014
-97010
-96990
-96989
-96972
-96969
-96919
-96872
-96871
-96847
-96831
-96758
-96734
-96665
-96652
-96645
-96577
-96573
-96462
-96455
-96421
-96385
-96364
-96322
-96306
-96296
-96213
-96199
-96168
-96112
-96034
-95964
-95956
-95836
-95831
-95830
-95824
-95715
-95650
-95573
-95507
-95386
-95376
-95364
-95337
-95220
-95190
-95111
-95083
-95035
-94923
-94861
-94845
-94818
-94788
-94687
-94687
-94682
-94662
-94634
-94602
-94550
-94492
-94486
-94479
-94452
-94431
-94377
-94354
-94307
-94293
-94242
-94205
-94129
-93995
-93982
-93977
-93935
-93931
-93901
-93876
-93797
-93767
-93715
-93550
-93515
-93485
-93437
-93383
-93352
-93348
-93310
-93305
-93294
-93240
-93197
-93107
-93072
-93032
-93029
-93023
-92920
-92895
-92886
-92884
-92874
-92793
-92732
-92671
-92637
-92587
-92581
-92551
-92551
-92545
-92544
-92516
-92497
-92452
-92431
-92407
-92401
-92396
-92372
-92362
-92335
-92309
-92280
-92264
-92123
-92105
-92022
-92005
-91983
-91970
-91939
-91864
-91855
-91816
-91791
-91758
-91715
-91702
-91669
-91632
-91598
-91557
-91443
-91430
-91390
-91381
-91343
-91321
-91265
-91187
-91116
-91097
-91086
-91079
-91077
-91074
-91048
-90950
-90938
-90914
-90798
-90776
-90733
-90724
-90722
-90675
-90668
-90640
-90626
-90615
-90528
-90521
-90514
-90513
-90473
-90451
-90450
-90376
-90355
-90317
-90291
-90258
-90252
-90241
-90233
-90220
-90218
-90184
-90171
-90168
-90168
-90037
-90036
-89935
-89832
-89794
-89772
-89698
-89645
-89641
-89625
-89600
-89443
-89433
-89419
-89344
-89178
-89098
-89046
-89027
-89024
-89006
-88992
-88971
-88925
-88875
-88858
-88812
-88798
-88750
-88746
-88717
-88662
-88652
-88570
-88536
-88496
-88461
-88444
-88419
-88417
-88385
-88341
-88340
-88321
-88298
-88293
-88249
-88234
-88211
-88153
-88142
-88102
-87982
-87972
-87963
-87944
-87939
-87917
-87892
-87873
-87832
-87735
-87698
-87676
-87667
-87661
-87647
-87586
-87547
-87460
-87430
-87396
-87373
-87368
-87356
-87353
-87309
-87290
-87203
-87201
-87185
-87099
-86978
-86965
-86950
-86903
-86849
-86712
-86664
-86630
-86614
-86602
-86582
-86538
-86533
-86517
-86432
-86302
-86296
-86288
-86277
-86256
-86252
-86174
-86159
-86048
-85938
-85901
-85796
-85750
-85700
-85678
-85678
-85670
-85655
-85598
-85541
-85331
-85314
-85282
-85259
-85253
-85182
-84977
-84893
-84883
-84764
-84752
-84718
-84698
-84605
-84576
-84506
-84497
-84488
-84449
-84331
-84317
-84264
-84247
-84215
-84160
-84140
-84042
-83989
-83973
-83920
-83901
-83900
-83677
-83671
-83624
-83564
-83560
-83555
-83517
-83457
-83332
-83328
-83275
-83246
-83231
-83228
-83178
-83146
-83099
-83078
-83070
-83070
-83008
-82828
-82770
-82750
-82749
-82629
-82615
-82486
-82356
-82334
-82317
-82301
-82300
-82296
-82295
-82190
-82107
-82102
-82102
-82041
-81994
-81903
-81891
-81818
-81779
-81778
-81748
-81746
-81585
-81551
-81542
-81535
-81462
-81460
-81377
-81355
-81307
-81255
-81238
-81214
-81172
-81168
-81044
-80985
-80969
-80941
-80918
-80830
-80823
-80802
-80794
-80750
-80646
-80519
-80506
-80476
-80469
-80441
-80420
-80344
-80327
-80287
-80276
-80266
-80170
-80157
-80132
-80128
-80113
-80083
-80014
-79994
-79951
-79934
-79800
-79661
-79654
-79646
-79633
-79578
-79535
-79517
-79381
-79339
-79336
-79294
-79287
-79233
-79092
-79085
-78980
-78928
-78887
-78839
-78795
-78712
-78666
-78628
-78620
-78580
-78459
-78411
-78381
-78361
-78354
-78302
-78226
-78225
-78220
-78185
-78125
-78079
-78032
-77943
-77941
-77926
-77906
-77882
-77867
-77836
-77829
-77802
-77735
-77685
-77664
-77657
-77621
-77578
-77470
-77411
-77373
-77339
-77300
-77260
-77194
-77089
-77073
-77069
-77057
-76979
-76967
-76910
-76879
-76817
-76797
-76793
-76704
-76688
-76682
-76645
-76642
-76572
-76563
-76559
-76553
-76534
-76515
-76499
-76495
-76459
-76446
-76393
-76387
-76228
-76219
-76197
-76129
-76122
-76119
-76102
-76097
-76090
-76012
-75959
-75956
-75945
-75941
-75920
-75886
-75869
-75856
-75839
-75774
-75696
-75686
-75665
-75663
-75590
-75573
-75537
-75472
-75417
-75408
-75393
-75221
-75211
-75187
-75144
-75095
-74964
-74946
-74941
-74922
-74852
-74809
-74774
-74756
-74736
-74730
-74722
-74717
-74704
-74661
-74648
-74550
-74437
-74431
-74395
-74370
-74349
-74297
-74229
-74212
-74188
-74181
-74168
-74158
-74048
-73951
-73948
-73906
-73903
-73882
-73835
-73820
-73803
-73731
-73656
-73648
-73589
-73588
-73570
-73483
-73459
-73404
-73393
-73391
-73351
-73311
-73272
-73226
-73174
-73141
-73123
-73111
-73095
-73015
-72985
-72966
-72938
-72908
-72901
-72842
-72791
-72788
-72751
-72578
-72552
-72502
-72496
-72443
-72435
-72411
-72383
-72350
-72303
-72294
-72262
-72204
-72178
-72178
-72161
-72143
-72129
-72129
-72118
-72081
-71970
-71954
-71848
-71830
-71710
-71674
-71664
-71641
-71629
-71607
-71490
-71482
-71480
-71433
-71375
-71356
-71312
-71245
-71080
-71048
-70983
-70972
-70953
-70915
-70887
-70870
-70844
-70805
-70773
-70662
-70643
-70536
-70515
-70484
-70449
-70433
-70380
-70374
-70343
-70343
-70233
-70227
-70190
-70184
-70159
-70108
-70107
-70024
-70001
-69929
-69906
-69878
-69869
-69841
-69815
-69790
-69757
-69734
-69702
-69673
-69657
-69642
-69637
-69630
-69593
-69551
-69474
-69448
-69409
-69380
-69350
-69334
-69216
-69186
-69113
-69110
-69108
-69088
-69029
-69014
-68993
-68956
-68911
-68895
-68877
-68826
-68774
-68759
-68759
-68741
-68709
-68691
-68690
-68631
-68628
-68625
-68557
-68527
-68521
-68516
-68467
-68418
-68406
-68382
-68348
-68329
-68323
-68297
-68213
-68183
-68153
-68117
-68104
-68100
-68100
-68015
-68014
-67997
-67982
-67975
-67964
-67936
-67917
-67839
-67814
-67780
-67756
-67751
-67724
-67695
-67614
-67596
-67532
-67513
-67507
-67334
-67223
-67178
-67134
-67054
-66892
-66859
-66848
-66843
-66833
-66749
-66724
-66697
-66663
-66663
-66645
-66586
-66584
-66555
-66550
-66541
-66506
-66471
-66449
-66432
-66417
-66369
-66363
-66328
-66252
-66242
-66221
-66209
-66184
-66147
-66051
-65845
-65788
-65765
-65726
-65675
-65673
-65642
-65603
-65592
-65548
-65504
-65479
-65446
-65377
-65327
-65239
-65235
-65177
-65158
-65134
-65075
-65074
-65069
-65068
-65060
-65002
-64995
-64891
-64872
-64840
-64789
-64766
-64747
-64724
-64647
-64647
-64533
-64521
-64520
-64375
-64340
-64310
-64294
-64286
-64197
-64163
-64106
-64100
-64035
-63988
-63908
-63898
-63897
-63873
-63838
-63835
-63789
-63768
-63746
-63652
-63645
-63620
-63599
-63589
-63513
-63436
-63285
-63244
-63225
-63212
-63154
-63148
-63067
-63001
-62997
-62906
-62900
-62869
-62804
-62668
-62584
-62552
-62471
-62460
-62416
-62400
-62392
-62335
-62262
-62258
-62254
-62231
-62098
-62073
-62056
-62047
-62021
-61895
-61891
-61884
-61820
-61803
-61760
-61674
-61642
-61633
-61578
-61561
-61534
-61484
-61357
-61299
-61286
-61219
-61182
-61063
-60960
-60945
-60884
-60837
-60828
-60792
-60766
-60764
-60743
-60720
-60640
-60567
-60561
-60531
-60500
-60484
-60457
-60444
-60298
-60250
-60195
-60194
-60185
-60157
-60065
-60007
-59979
-59905
-59865
-59864
-59831
-59822
-59688
-59659
-59657
-59594
-59571
-59541
-59531
-59431
-59431
-59421
-59363
-59345
-59284
-59261
-59151
-59144
-59090
-58977
-58954
-58944
-58941
-58907
-58809
-58807
-58766
-58675
-58671
-58570
-58564
-58507
-58505
-58489
-58447
-58338
-58321
-58283
-58267
-58260
-58107
-58104
-58061
-58026
-57955
-57915
-57851
-57785
-57711
-57706
-57693
-57501
-57478
-57276
-57235
-57059
-57025
-57007
-56944
-56857
-56854
-56750
-56663
-56588
-56583
-56527
-56517
-56390
-56386
-56365
-56350
-56323
-56311
-56304
-56196
-56189
-56066
-56057
-55936
-55920
-55914
-55905
-55883
-55880
-55874
-55871
-55871
-55848
-55788
-55733
-55728
-55720
-55699
-55685
-55628
-55615
-55554
-55553
-55539
-55480
-55450
-55428
-55420
-55380
-55297
-55294
-55261
-55244
-55232
-55225
-55214
-55212
-55204
-55194
-55149
-55135
-55102
-55074
-55024
-54973
-54941
-54880
-54872
-54841
-54762
-54736
-54658
-54657
-54634
-54577
-54554
-54490
-54476
-54432
-54296
-54280
-54205
-54172
-54164
-54140
-54140
-54132
-54071
-53989
-53961
-53951
-53940
-53913
-53846
-53789
-53787
-53720
-53697
-53668
-53613
-53611
-53551
-53528
-53344
-53332
-53264
-53216
-53196
-53186
-53097
-53080
-53049
-52997
-52982
-52981
-52955
-52913
-52909
-52836
-52801
-52727
-52695
-52690
-52655
-52633
-52545
-52521
-52510
-52483
-52479
-52446
-52406
-52231
-52172
-52164
-52016
-52015
-51932
-51914
-51906
-51811
-51691
-51595
-51562
-51550
-51436
-51404
-51377
-51374
-51338
-51335
-51334
-51303
-51240
-51164
-51092
-51077
-51031
-50951
-50927
-50909
-50812
-50808
-50805
-50775
-50743
-50740
-50732
-50693
-50684
-50609
-50579
-50577
-50559
-50535
-50535
-50490
-50441
-50433
-50425
-50422
-50410
-50377
-50351
-50321
-50252
-50192
-50149
-50135
-50121
-50091
-50029
-50015
-49941
-49928
-49915
-49883
-49880
-49845
-49749
-49618
-49564
-49322
-49306
-49228
-49219
-49210
-49096
-49050
-49033
-49027
-49016
-49004
-48991
-48989
-48780
-48777
-48765
-48753
-48670
-48634
-48618
-48599
-48530
-48493
-48452
-48451
-48438
-48409
-48399
-48395
-48241
-48162
-48073
-48043
-48026
-48010
-47932
-47904
-47899
-47888
-47854
-47763
-47742
-47739
-47722
-47720
-47681
-47614
-47611
-47427
-47357
-47328
-47315
-47213
-47184
-47175
-47106
-47086
-47031
-47017
-46944
-46908
-46898
-46703
-46699
-46636
-46597
-46581
-46393
-46372
-46366
-46366
-46325
-46307
-46186
-46163
-46122
-46115
-46062
-45955
-45936
-45902
-45894
-45801
-45740
-45724
-45706
-45597
-45578
-45562
-45558
-45553
-45520
-45492
-45414
-45412
-45287
-45230
-45197
-45165
-45154
-45056
-45037
-44973
-44946
-44944
-44942
-44891
-44719
-44674
-44666
-44622
-44615
-44531
-44525
-44521
-44510
-44268
-44239
-44196
-44093
-44078
-44064
-43948
-43937
-43863
-43815
-43808
-43788
-43733
-43682
-43681
-43630
-43608
-43605
-43559
-43512
-43510
-43483
-43473
-43446
-43418
-43414
-43352
-43327
-43258
-43255
-43235
-43167
-43143
-43083
-43073
-43037
-43024
-42928
-42926
-42885
-42779
-42776
-42708
-42705
-42697
-42663
-42630
-42629
-42622
-42568
-42525
-42485
-42443
-42419
-42402
-42363
-42361
-42321
-42320
-42284
-42227
-42184
-42168
-42083
-42055
-41947
-41869
-41847
-41674
-41649
-41598
-41594
-41561
-41468
-41366
-41335
-41303
-41279
-41232
-41143
-41109
-41058
-40977
-40888
-40877
-40872
-40801
-40790
-40743
-40711
-40691
-40669
-40659
-40656
-40643
-40643
-40627
-40468
-40410
-40383
-40348
-40311
-40299
-40270
-40165
-40159
-40154
-40090
-40001
-39989
-39881
-39869
-39757
-39747
-39637
-39570
-39541
-39531
-39476
-39471
-39438
-39431
-39357
-39352
-39170
-39049
-38984
-38884
-38835
-38835
-38820
-38778
-38675
-38665
-38642
-38582
-38571
-38406
-38406
-38395
-38338
-38324
-38317
-38278
-38228
-38201
-38178
-38168
-38103
-38102
-37990
-37972
-37952
-37902
-37701
-37613
-37612
-37584
-37533
-37516
-37497
-37492
-37407
-37268
-37234
-37103
-37098
-37012
-36921
-36870
-36858
-36851
-36814
-36792
-36560
-36486
-36422
-36413
-36390
-36350
-36312
-36247
-36245
-36187
-36142
-36085
-36036
-36022
-35995
-35981
-35955
-35839
-35824
-35819
-35726
-35689
-35474
-35433
-35305
-35274
-35244
-35213
-35204
-35201
-35164
-35132
-35067
-35031
-34970
-34949
-34948
-34916
-34865
-34753
-34669
-34566
-34438
-34433
-34377
-34300
-34225
-34201
-34179
-34120
-34103
-34068
-34051
-34007
-33984
-33930
-33928
-33926
-33895
-33864
-33752
-33715
-33673
-33663
-33551
-33505
-33499
-33492
-33455
-33414
-33277
-33253
-33206
-33191
-33167
-33161
-33124
-33083
-33062
-33062
-32960
-32910
-32902
-32868
-32859
-32858
-32643
-32633
-32618
-32570
-32534
-32501
-32469
-32409
-32352
-32334
-32304
-32255
-32199
-32181
-32149
-32069
-32016
-31915
-31899
-31814
-31804
-31743
-31686
-31618
-31549
-31544
-31495
-31465
-31453
-31417
-31414
-31397
-31373
-31320
-31291
-31276
-31169
-31141
-31141
-31125
-31118
-31065
-31058
-30960
-30940
-30936
-30930
-30898
-30893
-30885
-30870
-30843
-30739
-30738
-30681
-30545
-30528
-30474
-30464
-30453
-30407
-30396
-30393
-30381
-30340
-30298
-30277
-30210
-30168
-30167
-30158
-30151
-30148
-30089
-30079
-30028
-29994
-29986
-29948
-29927
-29902
-29895
-29881
-29876
-29862
-29843
-29820
-29799
-29769
-29759
-29750
-29749
-29720
-29715
-29703
-29700
-29682
-29651
-29636
-29605
-29577
-29577
-29554
-29529
-29497
-29474
-29316
-29290
-29202
-29180
-29170
-29162
-29118
-29097
-29092
-29066
-29054
-29043
-28992
-28989
-28943
-28937
-28927
-28910
-28855
-28851
-28790
-28726
-28626
-28622
-28588
-28585
-28486
-28413
-28405
-28399
-28385
-28334
-28322
-28269
-28249
-28232
-28228
-28228
-28221
-28217
-28176
-28137
-28071
-28032
-27964
-27929
-27901
-27763
-27711
-27692
-27680
-27672
-27663
-27635
-27618
-27531
-27512
-27443
-27431
-27410
-27392
-27193
-27191
-27165
-27153
-27055
-27009
-27006
-26925
-26881
-26875
-26830
-26773
-26562
-26504
-26476
-26461
-26454
-26355
-26354
-26322
-26252
-26225
-26144
-26124
-26042
-25958
-25831
-25771
-25734
-25713
-25698
-25695
-25618
-25565
-25556
-25492
-25489
-25475
-25468
-25423
-25382
-25320
-25289
-25176
-25140
-25138
-25104
-25081
-24988
-24977
-24941
-24890
-24862
-24827
-24798
-24791
-24770
-24769
-24745
-24735
-24702
-24692
-24671
-24667
-24653
-24607
-24589
-24363
-24270
-24218
-24211
-24210
-24155
-24124
-24095
-24071
-24006
-23989
-23988
-23961
-23943
-23934
-23800
-23788
-23786
-23707
-23693
-23634
-23579
-23486
-23455
-23423
-23407
-23310
-23240
-23215
-23069
-22940
-22908
-22902
-22879
-22832
-22808
-22801
-22796
-22754
-22747
-22736
-22713
-22640
-22608
-22592
-22540
-22505
-22465
-22388
-22290
-22216
-22207
-22159
-22080
-22039
-22026
-21924
-21896
-21860
-21723
-21716
-21713
-21664
-21610
-21577
-21530
-21499
-21495
-21407
-21397
-21349
-21279
-21187
-21050
-20965
-20950
-20866
-20827
-20826
-20821
-20770
-20697
-20679
-20663
-20602
-20501
-20444
-20404
-20395
-20395
-20377
-20332
-20291
-20290
-20207
-20098
-20070
-20066
-20006
-19994
-19941
-19939
-19882
-19783
-19765
-19664
-19598
-19560
-19555
-19540
-19514
-19514
-19489
-19460
-19383
-19358
-19326
-19229
-19177
-19150
-19104
-19075
-19073
-19057
-19007
-18998
-18963
-18906
-18881
-18791
-18765
-18757
-18731
-18703
-18626
-18624
-18577
-18563
-18538
-18533
-18479
-18452
-18445
-18442
-18397
-18388
-18382
-18308
-18269
-18205
-18180
-18161
-18157
-18084
-18050
-18000
-17999
-17910
-17887
-17850
-17833
-17822
-17805
-17771
-17720
-17707
-17688
-17682
-17680
-17668
-17626
-17596
-17576
-17540
-17530
-17511
-17492
-17458
-17432
-17432
-17381
-17370
-17310
-17187
-17146
-17108
-17034
-17015
-16991
-16824
-16815
-16770
-16764
-16748
-16686
-16656
-16580
-16535
-16530
-16506
-16438
-16436
-16410
-16407
-16397
-16334
-16256
-16250
-16240
-16234
-16105
-15966
-15952
-15804
-15801
-15780
-15755
-15687
-15524
-15488
-15487
-15481
-15416
-15408
-15290
-15232
-15209
-15202
-15200
-15139
-15003
-14985
-14982
-14951
-14936
-14934
-14866
-14861
-14840
-14803
-14797
-14792
-14778
-14766
-14691
-14668
-14636
-14604
-14597
-14566
-14559
-14538
-14531
-14530
-14476
-14476
-14470
-14465
-14418
-14381
-14368
-14359
-14271
-14259
-14246
-14237
-14180
-14080
-14028
-14023
-14020
-13981
-13878
-13815
-13762
-13728
-13711
-13667
-13632
-13626
-13552
-13550
-13510
-13497
-13493
-13400
-13377
-13376
-13349
-13324
-13311
-13298
-13268
-13185
-13161
-13069
-13044
-13029
-12930
-12908
-12872
-12781
-12779
-12622
-12547
-12461
-12441
-12399
-12353
-12342
-12338
-12205
-12178
-12120
-12116
-12094
-12026
-11962
-11884
-11854
-11826
-11810
-11805
-11714
-11701
-11687
-11667
-11634
-11629
-11604
-11576
-11562
-11543
-11524
-11507
-11491
-11457
-11453
-11370
-11355
-11325
-11274
-11236
-11200
-11193
-11182
-11170
-11168
-11162
-11126
-11089
-11085
-11042
-11034
-10974
-10924
-10910
-10838
-10824
-10771
-10768
-10744
-10732
-10719
-10685
-10673
-10659
-10640
-10540
-10495
-10453
-10412
-10281
-10220
-10203
-10194
-10176
-10113
-10106
-10084
-9974
-9939
-9905
-9806
-9769
-9759
-9736
-9717
-9684
-9563
-9530
-9522
-9459
-9440
-9438
-9408
-9355
-9314
-9186
-9034
-9032
-8933
-8928
-8870
-8864
-8847
-8827
-8723
-8708
-8639
-8631
-8445
-8298
-8274
-8264
-8261
-8230
-8223
-8205
-8170
-8154
-8063
-8060
-8038
-8006
-7963
-7957
-7933
-7868
-7863
-7844
-7804
-7746
-7739
-7723
-7719
-7684
-7557
-7457
-7358
-7341
-7259
-7222
-7218
-7216
-7191
-7154
-7088
-7074
-6990
-6829
-6815
-6767
-6764
-6720
-6695
-6687
-6685
-6619
-6617
-6611
-6594
-6510
-6507
-6490
-6473
-6469
-6357
-6349
-6200
-6178
-6116
-6084
-6015
-6014
-5975
-5964
-5892
-5884
-5862
-5854
-5783
-5776
-5756
-5737
-5726
-5647
-5647
-5645
-5639
-5612
-5608
-5584
-5470
-5416
-5401
-5395
-5308
-5261
-5232
-5190
-5126
-4868
-4821
-4803
-4792
-4723
-4700
-4698
-4647
-4633
-4584
-4553
-4539
-4526
-4495
-4455
-4448
-4365
-4360
-4346
-4258
-4219
-4217
-4079
-4007
-3971
-3964
-3908
-3782
-3762
-3751
-3739
-3731
-3652
-3582
-3563
-3532
-3528
-3404
-3310
-3306
-3295
-3192
-3169
-3156
-3095
-2973
-2941
-2919
-2743
-2686
-2636
-2529
-2503
-2459
-2391
-2391
-2353
-2318
-2275
-2253
-2124
-2066
-2057
-1978
-1960
-1954
-1936
-1920
-1896
-1813
-1776
-1768
-1748
-1710
-1695
-1656
-1616
-1491
-1459
-1433
-1419
-1346
-1344
-1124
-1120
-1109
-1067
-1065
-1037
-975
-933
-900
-899
-825
-814
-773
-704
-692
-688
-673
-583
-558
-506
-476
-392
-269
-233
-87
-72
21
39
41
92
117
153
166
206
215
254
356
365
449
468
536
645
662
685
689
691
852
884
905
905
966
967
979
989
998
1022
1129
1144
1156
1222
1248
1278
1308
1323
1426
1557
1569
1569
1603
1648
1678
1750
1759
1773
1872
1894
1895
1917
1920
1951
1970
1975
1986
2017
2029
2065
2089
2113
2142
2228
2248
2323
2326
2342
2446
2452
2472
2475
2568
2702
2717
2760
2796
2823
2917
2918
2927
2986
3017
3094
3174
3179
3221
3300
3301
3306
3317
3402
3443
3459
3465
3486
3616
3659
3663
3695
3719
3787
3838
3841
3950
4032
4034
4084
4122
4128
4213
4223
4224
4239
4305
4372
4412
4415
4536
4572
4580
4614
4636
4713
4731
4746
4789
4795
4804
4813
4826
4838
4850
4867
5043
5045
5097
5139
5143
5183
5192
5261
5368
5402
5520
5540
5541
5564
5594
5662
5685
5741
5758
5769
5872
5884
5901
5928
5948
5952
5956
5958
6060
6062
6085
6246
6273
6278
6364
6426
6431
6483
6496
6539
6615
6639
6654
6666
6702
6706
6737
6851
6863
6879
6928
6955
7040
7204
7228
7238
7269
7324
7389
7400
7419
7432
7528
7594
7607
7620
7664
7689
7704
7727
7731
7806
7822
7823
7828
7909
7918
7983
8010
8013
8130
8157
8287
8293
8358
8372
8398
8494
8505
8533
8550
8626
8632
8666
8690
8698
8764
8814
8867
8867
8983
8992
9010
9029
9087
9147
9187
9218
9236
9314
9324
9347
9366
9464
9467
9507
9518
9544
9672
9675
9701
9741
9753
9803
9818
9854
9901
9904
9969
9978
10047
10091
10127
10233
10261
10325
10330
10345
10358
10374
10416
10435
10468
10498
10508
10617
10640
10681
10786
10795
10801
10802
10845
10869
10898
10905
10926
10933
10946
10946
11040
11050
11081
11229
11238
11246
11263
11300
11309
11334
11350
11413
11504
11527
11530
11580
11595
11614
11683
11705
11744
11894
11899
11915
11972
11987
12010
12170
12236
12252
12255
12261
12321
12338
12435
12446
12456
12460
12528
12529
12561
12567
12593
12656
12692
12758
12800
12838
12841
12855
12875
12918
12931
12937
12949
12991
13000
13047
13061
13112
13170
13182
13216
13243
13273
13382
13402
13525
13542
13609
13662
13667
13830
13941
14023
14035
14149
14152
14254
14258
14308
14324
14352
14489
14579
14646
14888
14922
14937
14956
15016
15023
15089
15137
15200
15267
15309
15447
15468
15555
15629
15630
15640
15653
15654
15741
15781
15807
15813
15886
15930
16066
16120
16125
16158
16175
16224
16258
16264
16309
16323
16350
16391
16393
16412
16473
16509
16544
16545
16566
16609
16693
16898
16902
16902
16982
17011
17039
17109
17109
17146
17210
17235
17244
17282
17353
17354
17356
17513
17655
17671
17711
17769
17806
17831
17833
17874
17894
18001
18035
18079
18132
18259
18287
18291
18355
18442
18483
18529
18603
18603
18684
18722
18730
18745
18754
18768
18781
18801
18848
18853
18970
19024
19043
19049
19077
19087
19094
19187
19242
19325
19372
19424
19520
19542
19545
19549
19559
19562
19572
19618
19746
19790
19835
19875
19876
19895
19917
19946
19971
20078
20110
20121
20125
20156
20165
20213
20276
20322
20361
20394
20425
20474
20535
20580
20610
20626
20628
20639
20642
20753
20829
20845
20863
20867
20979
21045
21049
21109
21168
21257
21286
21374
21448
21494
21574
21584
21592
21612
21621
21630
21640
21645
21704
21736
21799
21816
21910
22007
22028
22056
22064
22085
22121
22153
22189
22205
22216
22219
22227
22241
22292
22311
22331
22404
22415
22422
22429
22434
22441
22446
22539
22604
22624
22676
22712
22717
22728
22751
22792
22830
22858
22909
23051
23076
23089
23113
23218
23350
23367
23404
23409
23412
23412
23417
23422
23427
23442
23507
23568
23570
23591
23740
23837
23840
23872
23963
23989
24015
24022
24083
24178
24189
24245
24272
24350
24352
24356
24392
24397
24399
24406
24419
24433
24447
24500
24508
24523
24581
24668
24690
24765
24786
24814
24862
24884
24931
25150
25160
25245
25302
25309
25335
25358
25430
25470
25486
25507
25512
25525
25538
25546
25603
25605
25616
25748
25777
25824
25832
25975
26007
26035
26108
26163
26169
26211
26302
26353
26367
26378
26383
26503
26509
26572
26593
26598
26610
26615
26725
26835
26917
26938
26960
26983
27012
27025
27025
27102
27152
27277
27289
27315
27320
27326
27337
27368
27485
27491
27579
27676
27801
27870
27912
27920
27942
27971
28008
28009
28055
28079
28082
28139
28146
28161
28167
28174
28176
28176
28196
28212
28219
28249
28318
28324
28330
28370
28383
28396
28439
28451
28509
28520
28525
28589
28638
28681
28687
28693
28696
28715
28720
28786
28872
28881
28937
28971
29054
29114
29117
29171
29287
29299
29315
29389
29405
29481
29519
29645
29678
29681
29712
29713
29755
29772
29831
29880
29988
30001
30013
30158
30231
30236
30258
30292
30318
30326
30434
30443
30492
30514
30552
30594
30616
30637
30658
30659
30667
30722
30744
30765
30778
30778
30786
30790
30798
30806
30874
30893
30896
30957
31014
31016
31048
31084
31259
31264
31318
31370
31402
31451
31569
31602
31648
31656
31731
31738
31755
31756
31927
32000
32073
32102
32131
32188
32309
32310
32342
32449
32651
32686
32716
32738
32769
32809
32817
32823
32841
33088
33091
33178
33231
33249
33249
33258
33331
33344
33368
33390
33421
33458
33544
33570
33591
33597
33622
33723
33749
33795
33829
33921
33947
33979
33997
34004
34016
34025
34033
34049
34095
34129
34141
34156
34170
34171
34243
34270
34294
34299
34423
34466
34492
34497
34505
34533
34591
34613
34633
34658
34699
34754
34764
34822
34841
34893
34928
34988
35002
35049
35132
35247
35309
35316
35390
35422
35447
35448
35480
35489
35494
35508
35583
35692
35734
35787
35845
35849
35963
35966
36038
36107
36132
36140
36167
36168
36212
36213
36220
36268
36295
36316
36322
36432
36457
36513
36522
36528
36534
36555
36581
36663
36668
36668
36700
36724
36728
36730
36782
36786
36821
36873
36876
36888
36891
36908
36955
36969
36990
36992
36994
37072
37158
37160
37246
37292
37298
37327
37357
37362
37506
37534
37546
37552
37570
37590
37692
37708
37729
37804
37823
37880
37954
38038
38215
38224
38239
38269
38274
38286
38299
38317
38410
38438
38446
38490
38571
38595
38691
38694
38726
38734
38815
38913
38919
38943
39017
39034
39053
39156
39170
39203
39263
39264
39321
39322
39403
39403
39495
39531
39545
39609
39644
39653
39725
39763
39782
39787
39788
39802
39831
39868
40075
40146
40186
40213
40228
40403
40404
40472
40500
40556
40581
40639
40655
40708
40713
40723
40771
40849
40869
40929
40952
40971
41050
41092
41132
41202
41285
41290
41311
41320
41320
41327
41398
41422
41479
41563
41579
41614
41616
41641
41656
41718
41740
41756
41762
41822
41859
41863
41863
41906
41985
41995
42123
42195
42244
42277
42325
42325
42428
42479
42503
42526
42550
42629
42676
42735
42788
42807
42840
42875
42884
42899
42959
42964
43034
43048
43079
43134
43149
43150
43156
43184
43192
43238
43248
43269
43285
43320
43344
43350
43361
43367
43439
43485
43511
43521
43605
43631
43633
43666
43693
43726
43863
43870
43937
44020
44021
44053
44095
44100
44109
44156
44169
44201
44209
44240
44244
44283
44300
44353
44373
44375
44398
44481
44522
44533
44573
44615
44753
44780
44806
44823
44844
44960
44972
45028
45042
45189
45199
45286
45303
45319
45345
45346
45354
45367
45400
45447
45448
45463
45585
45594
45625
45645
45681
45682
45690
45699
45721
45799
45804
45858
45898
45947
46081
46132
46145
46233
46289
46337
46432
46478
46508
46517
46542
46575
46579
46584
46594
46632
46708
46747
46851
47026
47109
47141
47209
47213
47217
47264
47285
47325
47336
47349
47376
47387
47393
47414
47473
47521
47542
47633
47805
47849
47899
47948
47996
48009
48214
48237
48306
48345
48383
48409
48427
48443
48460
48486
48522
48571
48580
48603
48607
48640
48679
48740
48789
48799
48908
49008
49089
49100
49161
49168
49187
49188
49212
49264
49378
49555
49640
49779
49828
49830
49846
50033
50071
50092
50095
50111
50115
50131
50169
50193
50207
50284
50379
50383
50506
50544
50551
50572
50605
50625
50666
50706
50726
50730
50746
50760
50812
50852
50855
50856
50866
50868
50872
50944
50984
51009
51050
51060
51111
51121
51200
51243
51258
51288
51353
51368
51484
51518
51552
51621
51765
51768
51788
52036
52060
52061
52133
52136
52165
52195
52211
52232
52265
52301
52365
52500
52508
52619
52625
52642
52669
52676
52774
52847
52924
52990
53016
53076
53144
53153
53184
53242
53246
53250
53401
53436
53513
53527
53542
53558
53572
53614
53618
53624
53752
53764
53826
53868
53947
54052
54079
54123
54124
54128
54136
54169
54177
54238
54242
54418
54478
54629
54640
54651
54719
54725
54809
54813
54857
54912
54936
54995
54995
55059
55074
55075
55078
55088
55110
55128
55221
55227
55247
55250
55369
55378
55461
55544
55587
55621
55687
55691
55728
55803
55809
55812
55830
55848
55882
55884
55886
55959
55983
56039
56128
56156
56193
56278
56280
56401
56411
56440
56480
56487
56523
56571
56632
56717
56722
56797
56819
56866
56880
56898
57018
57039
57154
57168
57308
57329
57348
57363
57465
57514
57556
57568
57592
57595
57657
57676
57693
57706
57795
57799
57850
57867
57885
57943
58029
58045
58122
58217
58273
58381
58549
58555
58562
58577
58717
58846
58880
58908
58959
58963
58966
59012
59018
59018
59061
59188
59200
59327
59341
59365
59519
59525
59574
59574
59672
59738
59802
59822
59912
59942
59988
60104
60139
60142
60143
60247
60290
60297
60356
60360
60364
60389
60406
60444
60474
60502
60539
60570
60693
60741
60750
60784
60867
60996
60996
61009
61027
61031
61103
61118
61163
61203
61222
61256
61280
61363
61430
61583
61588
61590
61618
61625
61647
61656
61693
61730
61761
61761
61850
61905
61938
61942
61945
61956
61988
62038
62054
62070
62077
62083
62163
62219
62259
62266
62371
62500
62728
62734
62810
62841
62882
62902
62918
62940
63030
63068
63068
63102
63118
63134
63171
63193
63263
63266
63270
63273
63324
63370
63371
63404
63405
63406
63512
63539
63574
63609
63611
63648
63737
63776
63895
63912
63932
63933
64005
64009
64030
64107
64128
64152
64168
64179
64266
64277
64306
64331
64453
64485
64518
64522
64523
64566
64589
64598
64630
64639
64643
64739
64747
64807
64847
64861
64868
64913
64958
64979
65003
65102
65116
65120
65173
65195
65198
65221
65276
65292
65360
65382
65460
65501
65533
65705
65741
65773
65824
65849
65889
65890
65908
65933
65938
65948
65987
66036
66043
66074
66118
66120
66125
66132
66139
66182
66195
66271
66293
66353
66387
66412
66429
66472
66482
66489
66493
66498
66568
66613
66642
66703
66713
66761
66794
66819
66847
66869
66872
66988
67100
67168
67173
67206
67313
67325
67540
67631
67660
67660
67696
67845
67849
67865
67871
67995
68014
68061
68073
68092
68093
68167
68242
68344
68384
68458
68467
68537
68541
68548
68635
68649
68664
68702
68715
68724
68727
68832
68916
68962
68978
68999
69026
69029
69061
69082
69122
69132
69136
69154
69165
69173
69200
69202
69205
69242
69253
69256
69260
69280
69328
69330
69381
69398
69416
69437
69488
69494
69533
69571
69595
69651
69659
69667
69676
69739
69750
69763
69784
69812
69841
69845
69919
69928
69929
70012
70013
70347
70449
70468
70507
70516
70550
70623
70692
70709
70724
70725
70831
70845
70848
70883
71156
71185
71342
71387
71485
71528
71614
71630
71656
71700
71795
71808
71855
71872
71913
72106
72119
72135
72136
72187
72223
72241
72263
72412
72456
72460
72471
72702
72720
72798
72888
72916
73126
73161
73192
73265
73278
73279
73319
73335
73349
73386
73404
73416
73424
73440
73468
73478
73480
73525
73567
73575
73603
73608
73694
73814
73906
73931
73953
74036
74191
74212
74216
74244
74249
74273
74281
74376
74422
74451
74477
74524
74756
74762
74853
74873
74880
74918
75014
75034
75217
75218
75237
75257
75262
75366
75396
75397
75438
75571
75642
75642
75647
75673
75706
75717
75741
75763
75800
75855
75972
76144
76236
76252
76288
76446
76446
76460
76498
76526
76528
76535
76545
76579
76613
76715
76764
76781
76786
76844
76912
76919
77068
77112
77130
77138
77168
77188
77236
77318
77390
77425
77442
77491
77698
77712
77785
77786
77786
77853
77862
77864
77899
78001
78033
78041
78085
78088
78097
78136
78170
78203
78210
78238
78246
78297
78361
78371
78498
78556
78601
78611
78625
78691
78789
78797
78830
78876
78896
78897
78941
78966
78990
79047
79076
79184
79214
79241
79269
79378
79449
79560
79615
79616
79645
79751
79765
79785
79792
79793
79795
79913
79952
80017
80116
80134
80140
80331
80333
80433
80499
80625
80659
80704
80740
80795
80800
80807
80807
80815
80851
80869
80923
80934
80992
80998
81022
81169
81184
81328
81356
81374
81394
81395
81414
81426
81460
81463
81491
81517
81546
81573
81652
81660
81670
81678
81719
81751
81780
81824
81825
81825
81892
81894
81904
81944
82037
82062
82117
82124
82151
82153
82179
82191
82218
82268
82285
82342
82347
82393
82437
82484
82498
82674
82737
82759
82797
82825
82970
83025
83061
83099
83172
83179
83228
83239
83252
83296
83297
83315
83528
83685
83686
83705
83724
83725
83729
83732
83808
83916
83925
83944
83987
84014
84027
84042
84110
84116
84149
84225
84255
84311
84355
84400
84542
84574
84595
84603
84649
84662
84717
84723
84743
84763
84777
84822
84852
84883
84943
84946
84995
85051
85059
85063
85137
85218
85232
85242
85406
85406
85457
85505
85526
85566
85571
85629
85679
85790
85799
85806
85866
85982
86028
86047
86282
86290
86295
86308
86348
86353
86370
86447
86470
86577
86601
86627
86699
86718
86796
86811
86875
86951
87083
87095
87109
87188
87220
87227
87285
87307
87358
87382
87384
87444
87478
87486
87490
87633
87661
87698
87729
87796
87803
87816
87831
87947
87989
88019
88020
88027
88037
88093
88126
88147
88173
88203
88208
88220
88283
88311
88325
88367
88415
88426
88427
88515
88553
88571
88720
88751
88795
88867
88906
88924
88927
88990
89034
89156
89183
89204
89213
89262
89284
89332
89361
89546
89559
89669
89685
89730
89752
89780
89822
89838
89872
89906
89915
89955
89964
90019
90277
90287
90295
90319
90356
90410
90480
90508
90611
90671
90764
90795
90818
90834
90842
90848
90930
90956
90957
90982
90992
91035
91077
91087
91151
91185
91208
91220
91239
91252
91311
91313
91348
91396
91401
91427
91506
91506
91558
91559
91619
91629
91630
91769
91877
91907
91914
91927
92004
92040
92072
92402
92422
92443
92479
92489
92516
92607
92635
92658
92667
92673
92691
92744
92777
92790
92803
92874
92888
92922
92966
92980
93002
93286
93301
93372
93435
93530
93551
93563
93569
93581
93582
93628
93692
93736
93738
93759
93814
93860
93889
93903
93903
93905
93958
93987
94082
94083
94143
94150
94151
94191
94278
94283
94305
94314
94412
94416
94426
94467
94524
94596
94615
94663
94780
94797
94797
94877
94947
95140
95143
95161
95229
95347
95386
95400
95450
95533
95546
95551
95584
95602
95611
95696
95768
95814
95822
95839
95860
95869
95902
95934
95966
96000
96039
96096
96186
96327
96350
96391
96397
96435
96484
96530
96613
96619
96646
96737
96772
96788
96853
96876
96884
96932
96934
96948
96964
96979
97062
97070
97094
97167
97242
97281
97284
97327
97363
97471
97538
97548
97609
97676
97796
97842
97894
97908
97932
97951
97954
97969
97972
97985
98020
98023
98074
98094
98148
98193
98194
98256
98263
98265
98275
98292
98293
98379
98382
98458
98463
98472
98513
98552
98556
98562
98593
98616
98695
98815
98866
98894
98921
98996
99037
99052
99089
99134
99164
99215
99245
99266
99291
99393
99445
99691
99717
99721
99754
99833
99863
99870
99930
